,DRG,CM-PCS,en
277,DRG21011,0L8J0ZZ,"Division of Right Hip Tendon, Open Approach"
278,DRG21011,0L8J3ZZ,"Division of Right Hip Tendon, Percutaneous Approach"
279,DRG21011,0L8J4ZZ,"Division of Right Hip Tendon, Percutaneous Endoscopic Approach"
280,DRG21011,0L8K0ZZ,"Division of Left Hip Tendon, Open Approach"
281,DRG21011,0L8K3ZZ,"Division of Left Hip Tendon, Percutaneous Approach"
282,DRG21011,0L8K4ZZ,"Division of Left Hip Tendon, Percutaneous Endoscopic Approach"
283,DRG21011,0M8L0ZZ,"Division of Right Hip Bursa and Ligament, Open Approach"
284,DRG21011,0M8L3ZZ,"Division of Right Hip Bursa and Ligament, Percutaneous Approach"
285,DRG21011,0M8L4ZZ,"Division of Right Hip Bursa and Ligament, Percutaneous Endoscopic Approach"
286,DRG21011,0M8M0ZZ,"Division of Left Hip Bursa and Ligament, Open Approach"
287,DRG21011,0M8M3ZZ,"Division of Left Hip Bursa and Ligament, Percutaneous Approach"
288,DRG21011,0M8M4ZZ,"Division of Left Hip Bursa and Ligament, Percutaneous Endoscopic Approach"
289,DRG21011,0M9L00Z,"Drainage of Right Hip Bursa and Ligament with Drainage Device, Open Approach"
290,DRG21011,0M9L0ZZ,"Drainage of Right Hip Bursa and Ligament, Open Approach"
291,DRG21011,0M9L4ZZ,"Drainage of Right Hip Bursa and Ligament, Percutaneous Endoscopic Approach"
292,DRG21011,0M9M00Z,"Drainage of Left Hip Bursa and Ligament with Drainage Device, Open Approach"
293,DRG21011,0M9M0ZZ,"Drainage of Left Hip Bursa and Ligament, Open Approach"
294,DRG21011,0M9M4ZZ,"Drainage of Left Hip Bursa and Ligament, Percutaneous Endoscopic Approach"
295,DRG21011,0MBL0ZZ,"Excision of Right Hip Bursa and Ligament, Open Approach"
296,DRG21011,0MBL3ZZ,"Excision of Right Hip Bursa and Ligament, Percutaneous Approach"
297,DRG21011,0MBL4ZZ,"Excision of Right Hip Bursa and Ligament, Percutaneous Endoscopic Approach"
298,DRG21011,0MBM0ZZ,"Excision of Left Hip Bursa and Ligament, Open Approach"
299,DRG21011,0MBM3ZZ,"Excision of Left Hip Bursa and Ligament, Percutaneous Approach"
300,DRG21011,0MBM4ZZ,"Excision of Left Hip Bursa and Ligament, Percutaneous Endoscopic Approach"
301,DRG21011,0MCL0ZZ,"Extirpation of Matter from Right Hip Bursa and Ligament, Open Approach"
302,DRG21011,0MCL3ZZ,"Extirpation of Matter from Right Hip Bursa and Ligament, Percutaneous Approach"
303,DRG21011,0MCL4ZZ,"Extirpation of Matter from Right Hip Bursa and Ligament, Percutaneous Endoscopic Approach"
304,DRG21011,0MCM0ZZ,"Extirpation of Matter from Left Hip Bursa and Ligament, Open Approach"
305,DRG21011,0MCM3ZZ,"Extirpation of Matter from Left Hip Bursa and Ligament, Percutaneous Approach"
306,DRG21011,0MCM4ZZ,"Extirpation of Matter from Left Hip Bursa and Ligament, Percutaneous Endoscopic Approach"
307,DRG21011,0MNL0ZZ,"Release Right Hip Bursa and Ligament, Open Approach"
308,DRG21011,0MNL3ZZ,"Release Right Hip Bursa and Ligament, Percutaneous Approach"
309,DRG21011,0MNL4ZZ,"Release Right Hip Bursa and Ligament, Percutaneous Endoscopic Approach"
310,DRG21011,0MNLXZZ,"Release Right Hip Bursa and Ligament, External Approach"
311,DRG21011,0MNM0ZZ,"Release Left Hip Bursa and Ligament, Open Approach"
312,DRG21011,0MNM3ZZ,"Release Left Hip Bursa and Ligament, Percutaneous Approach"
313,DRG21011,0MNM4ZZ,"Release Left Hip Bursa and Ligament, Percutaneous Endoscopic Approach"
314,DRG21011,0MNMXZZ,"Release Left Hip Bursa and Ligament, External Approach"
315,DRG21011,0MTL0ZZ,"Resection of Right Hip Bursa and Ligament, Open Approach"
316,DRG21011,0MTL4ZZ,"Resection of Right Hip Bursa and Ligament, Percutaneous Endoscopic Approach"
317,DRG21011,0MTM0ZZ,"Resection of Left Hip Bursa and Ligament, Open Approach"
318,DRG21011,0MTM4ZZ,"Resection of Left Hip Bursa and Ligament, Percutaneous Endoscopic Approach"
319,DRG21011,0Q860ZZ,"Division of Right Upper Femur, Open Approach"
320,DRG21011,0Q863ZZ,"Division of Right Upper Femur, Percutaneous Approach"
321,DRG21011,0Q864ZZ,"Division of Right Upper Femur, Percutaneous Endoscopic Approach"
322,DRG21011,0Q870ZZ,"Division of Left Upper Femur, Open Approach"
323,DRG21011,0Q873ZZ,"Division of Left Upper Femur, Percutaneous Approach"
324,DRG21011,0Q874ZZ,"Division of Left Upper Femur, Percutaneous Endoscopic Approach"
325,DRG21011,0Q880ZZ,"Division of Right Femoral Shaft, Open Approach"
326,DRG21011,0Q883ZZ,"Division of Right Femoral Shaft, Percutaneous Approach"
327,DRG21011,0Q884ZZ,"Division of Right Femoral Shaft, Percutaneous Endoscopic Approach"
328,DRG21011,0Q890ZZ,"Division of Left Femoral Shaft, Open Approach"
329,DRG21011,0Q893ZZ,"Division of Left Femoral Shaft, Percutaneous Approach"
330,DRG21011,0Q894ZZ,"Division of Left Femoral Shaft, Percutaneous Endoscopic Approach"
331,DRG21011,0Q8B0ZZ,"Division of Right Lower Femur, Open Approach"
332,DRG21011,0Q8B3ZZ,"Division of Right Lower Femur, Percutaneous Approach"
333,DRG21011,0Q8B4ZZ,"Division of Right Lower Femur, Percutaneous Endoscopic Approach"
334,DRG21011,0Q8C0ZZ,"Division of Left Lower Femur, Open Approach"
335,DRG21011,0Q8C3ZZ,"Division of Left Lower Femur, Percutaneous Approach"
336,DRG21011,0Q8C4ZZ,"Division of Left Lower Femur, Percutaneous Endoscopic Approach"
337,DRG21011,0QB60ZZ,"Excision of Right Upper Femur, Open Approach"
338,DRG21011,0QB63ZZ,"Excision of Right Upper Femur, Percutaneous Approach"
339,DRG21011,0QB64ZZ,"Excision of Right Upper Femur, Percutaneous Endoscopic Approach"
340,DRG21011,0QB70ZZ,"Excision of Left Upper Femur, Open Approach"
341,DRG21011,0QB73ZZ,"Excision of Left Upper Femur, Percutaneous Approach"
342,DRG21011,0QB74ZZ,"Excision of Left Upper Femur, Percutaneous Endoscopic Approach"
343,DRG21011,0QB80ZZ,"Excision of Right Femoral Shaft, Open Approach"
344,DRG21011,0QB83ZZ,"Excision of Right Femoral Shaft, Percutaneous Approach"
345,DRG21011,0QB84ZZ,"Excision of Right Femoral Shaft, Percutaneous Endoscopic Approach"
346,DRG21011,0QB90ZZ,"Excision of Left Femoral Shaft, Open Approach"
347,DRG21011,0QB93ZZ,"Excision of Left Femoral Shaft, Percutaneous Approach"
348,DRG21011,0QB94ZZ,"Excision of Left Femoral Shaft, Percutaneous Endoscopic Approach"
349,DRG21011,0QBB0ZZ,"Excision of Right Lower Femur, Open Approach"
350,DRG21011,0QBB3ZZ,"Excision of Right Lower Femur, Percutaneous Approach"
351,DRG21011,0QBB4ZZ,"Excision of Right Lower Femur, Percutaneous Endoscopic Approach"
352,DRG21011,0QBC0ZZ,"Excision of Left Lower Femur, Open Approach"
353,DRG21011,0QBC3ZZ,"Excision of Left Lower Femur, Percutaneous Approach"
354,DRG21011,0QBC4ZZ,"Excision of Left Lower Femur, Percutaneous Endoscopic Approach"
355,DRG21011,0QC60ZZ,"Extirpation of Matter from Right Upper Femur, Open Approach"
356,DRG21011,0QC63ZZ,"Extirpation of Matter from Right Upper Femur, Percutaneous Approach"
357,DRG21011,0QC64ZZ,"Extirpation of Matter from Right Upper Femur, Percutaneous Endoscopic Approach"
358,DRG21011,0QC70ZZ,"Extirpation of Matter from Left Upper Femur, Open Approach"
359,DRG21011,0QC73ZZ,"Extirpation of Matter from Left Upper Femur, Percutaneous Approach"
360,DRG21011,0QC74ZZ,"Extirpation of Matter from Left Upper Femur, Percutaneous Endoscopic Approach"
361,DRG21011,0QC80ZZ,"Extirpation of Matter from Right Femoral Shaft, Open Approach"
362,DRG21011,0QC83ZZ,"Extirpation of Matter from Right Femoral Shaft, Percutaneous Approach"
363,DRG21011,0QC84ZZ,"Extirpation of Matter from Right Femoral Shaft, Percutaneous Endoscopic Approach"
364,DRG21011,0QC90ZZ,"Extirpation of Matter from Left Femoral Shaft, Open Approach"
365,DRG21011,0QC93ZZ,"Extirpation of Matter from Left Femoral Shaft, Percutaneous Approach"
366,DRG21011,0QC94ZZ,"Extirpation of Matter from Left Femoral Shaft, Percutaneous Endoscopic Approach"
367,DRG21011,0QCB0ZZ,"Extirpation of Matter from Right Lower Femur, Open Approach"
368,DRG21011,0QCB3ZZ,"Extirpation of Matter from Right Lower Femur, Percutaneous Approach"
369,DRG21011,0QCB4ZZ,"Extirpation of Matter from Right Lower Femur, Percutaneous Endoscopic Approach"
370,DRG21011,0QCC0ZZ,"Extirpation of Matter from Left Lower Femur, Open Approach"
371,DRG21011,0QCC3ZZ,"Extirpation of Matter from Left Lower Femur, Percutaneous Approach"
372,DRG21011,0QCC4ZZ,"Extirpation of Matter from Left Lower Femur, Percutaneous Endoscopic Approach"
373,DRG21011,0QH604Z,"Insertion of Internal Fixation Device into Right Upper Femur, Open Approach"
374,DRG21011,0QH605Z,"Insertion of External Fixation Device into Right Upper Femur, Open Approach"
375,DRG21011,0QH606Z,"Insertion of Intramedullary Internal Fixation Device into Right Upper Femur, Open Approach"
376,DRG21011,0QH60BZ,"Insertion of Monoplanar External Fixation Device into Right Upper Femur, Open Approach"
377,DRG21011,0QH60CZ,"Insertion of Ring External Fixation Device into Right Upper Femur, Open Approach"
378,DRG21011,0QH60DZ,"Insertion of Hybrid External Fixation Device into Right Upper Femur, Open Approach"
379,DRG21011,0QH634Z,"Insertion of Internal Fixation Device into Right Upper Femur, Percutaneous Approach"
380,DRG21011,0QH635Z,"Insertion of External Fixation Device into Right Upper Femur, Percutaneous Approach"
381,DRG21011,0QH636Z,"Insertion of Intramedullary Internal Fixation Device into Right Upper Femur, Percutaneous Approach"
382,DRG21011,0QH63BZ,"Insertion of Monoplanar External Fixation Device into Right Upper Femur, Percutaneous Approach"
383,DRG21011,0QH63CZ,"Insertion of Ring External Fixation Device into Right Upper Femur, Percutaneous Approach"
384,DRG21011,0QH63DZ,"Insertion of Hybrid External Fixation Device into Right Upper Femur, Percutaneous Approach"
385,DRG21011,0QH644Z,"Insertion of Internal Fixation Device into Right Upper Femur, Percutaneous Endoscopic Approach"
386,DRG21011,0QH645Z,"Insertion of External Fixation Device into Right Upper Femur, Percutaneous Endoscopic Approach"
387,DRG21011,0QH646Z,"Insertion of Intramedullary Internal Fixation Device into Right Upper Femur, Percutaneous Endoscopic Approach"
388,DRG21011,0QH64BZ,"Insertion of Monoplanar External Fixation Device into Right Upper Femur, Percutaneous Endoscopic Approach"
389,DRG21011,0QH64CZ,"Insertion of Ring External Fixation Device into Right Upper Femur, Percutaneous Endoscopic Approach"
390,DRG21011,0QH64DZ,"Insertion of Hybrid External Fixation Device into Right Upper Femur, Percutaneous Endoscopic Approach"
391,DRG21011,0QH704Z,"Insertion of Internal Fixation Device into Left Upper Femur, Open Approach"
392,DRG21011,0QH705Z,"Insertion of External Fixation Device into Left Upper Femur, Open Approach"
393,DRG21011,0QH706Z,"Insertion of Intramedullary Internal Fixation Device into Left Upper Femur, Open Approach"
394,DRG21011,0QH70BZ,"Insertion of Monoplanar External Fixation Device into Left Upper Femur, Open Approach"
395,DRG21011,0QH70CZ,"Insertion of Ring External Fixation Device into Left Upper Femur, Open Approach"
396,DRG21011,0QH70DZ,"Insertion of Hybrid External Fixation Device into Left Upper Femur, Open Approach"
397,DRG21011,0QH734Z,"Insertion of Internal Fixation Device into Left Upper Femur, Percutaneous Approach"
398,DRG21011,0QH735Z,"Insertion of External Fixation Device into Left Upper Femur, Percutaneous Approach"
399,DRG21011,0QH736Z,"Insertion of Intramedullary Internal Fixation Device into Left Upper Femur, Percutaneous Approach"
400,DRG21011,0QH73BZ,"Insertion of Monoplanar External Fixation Device into Left Upper Femur, Percutaneous Approach"
401,DRG21011,0QH73CZ,"Insertion of Ring External Fixation Device into Left Upper Femur, Percutaneous Approach"
402,DRG21011,0QH73DZ,"Insertion of Hybrid External Fixation Device into Left Upper Femur, Percutaneous Approach"
403,DRG21011,0QH744Z,"Insertion of Internal Fixation Device into Left Upper Femur, Percutaneous Endoscopic Approach"
404,DRG21011,0QH745Z,"Insertion of External Fixation Device into Left Upper Femur, Percutaneous Endoscopic Approach"
405,DRG21011,0QH746Z,"Insertion of Intramedullary Internal Fixation Device into Left Upper Femur, Percutaneous Endoscopic Approach"
406,DRG21011,0QH74BZ,"Insertion of Monoplanar External Fixation Device into Left Upper Femur, Percutaneous Endoscopic Approach"
407,DRG21011,0QH74CZ,"Insertion of Ring External Fixation Device into Left Upper Femur, Percutaneous Endoscopic Approach"
408,DRG21011,0QH74DZ,"Insertion of Hybrid External Fixation Device into Left Upper Femur, Percutaneous Endoscopic Approach"
409,DRG21011,0QH804Z,"Insertion of Internal Fixation Device into Right Femoral Shaft, Open Approach"
410,DRG21011,0QH805Z,"Insertion of External Fixation Device into Right Femoral Shaft, Open Approach"
411,DRG21011,0QH806Z,"Insertion of Intramedullary Internal Fixation Device into Right Femoral Shaft, Open Approach"
412,DRG21011,0QH80BZ,"Insertion of Monoplanar External Fixation Device into Right Femoral Shaft, Open Approach"
413,DRG21011,0QH80CZ,"Insertion of Ring External Fixation Device into Right Femoral Shaft, Open Approach"
414,DRG21011,0QH80DZ,"Insertion of Hybrid External Fixation Device into Right Femoral Shaft, Open Approach"
415,DRG21011,0QH834Z,"Insertion of Internal Fixation Device into Right Femoral Shaft, Percutaneous Approach"
416,DRG21011,0QH835Z,"Insertion of External Fixation Device into Right Femoral Shaft, Percutaneous Approach"
417,DRG21011,0QH836Z,"Insertion of Intramedullary Internal Fixation Device into Right Femoral Shaft, Percutaneous Approach"
418,DRG21011,0QH83BZ,"Insertion of Monoplanar External Fixation Device into Right Femoral Shaft, Percutaneous Approach"
419,DRG21011,0QH83CZ,"Insertion of Ring External Fixation Device into Right Femoral Shaft, Percutaneous Approach"
420,DRG21011,0QH83DZ,"Insertion of Hybrid External Fixation Device into Right Femoral Shaft, Percutaneous Approach"
421,DRG21011,0QH844Z,"Insertion of Internal Fixation Device into Right Femoral Shaft, Percutaneous Endoscopic Approach"
422,DRG21011,0QH845Z,"Insertion of External Fixation Device into Right Femoral Shaft, Percutaneous Endoscopic Approach"
423,DRG21011,0QH846Z,"Insertion of Intramedullary Internal Fixation Device into Right Femoral Shaft, Percutaneous Endoscopic Approach"
424,DRG21011,0QH84BZ,"Insertion of Monoplanar External Fixation Device into Right Femoral Shaft, Percutaneous Endoscopic Approach"
425,DRG21011,0QH84CZ,"Insertion of Ring External Fixation Device into Right Femoral Shaft, Percutaneous Endoscopic Approach"
426,DRG21011,0QH84DZ,"Insertion of Hybrid External Fixation Device into Right Femoral Shaft, Percutaneous Endoscopic Approach"
427,DRG21011,0QH904Z,"Insertion of Internal Fixation Device into Left Femoral Shaft, Open Approach"
428,DRG21011,0QH905Z,"Insertion of External Fixation Device into Left Femoral Shaft, Open Approach"
429,DRG21011,0QH906Z,"Insertion of Intramedullary Internal Fixation Device into Left Femoral Shaft, Open Approach"
430,DRG21011,0QH90BZ,"Insertion of Monoplanar External Fixation Device into Left Femoral Shaft, Open Approach"
431,DRG21011,0QH90CZ,"Insertion of Ring External Fixation Device into Left Femoral Shaft, Open Approach"
432,DRG21011,0QH90DZ,"Insertion of Hybrid External Fixation Device into Left Femoral Shaft, Open Approach"
433,DRG21011,0QH934Z,"Insertion of Internal Fixation Device into Left Femoral Shaft, Percutaneous Approach"
434,DRG21011,0QH935Z,"Insertion of External Fixation Device into Left Femoral Shaft, Percutaneous Approach"
435,DRG21011,0QH936Z,"Insertion of Intramedullary Internal Fixation Device into Left Femoral Shaft, Percutaneous Approach"
436,DRG21011,0QH93BZ,"Insertion of Monoplanar External Fixation Device into Left Femoral Shaft, Percutaneous Approach"
437,DRG21011,0QH93CZ,"Insertion of Ring External Fixation Device into Left Femoral Shaft, Percutaneous Approach"
438,DRG21011,0QH93DZ,"Insertion of Hybrid External Fixation Device into Left Femoral Shaft, Percutaneous Approach"
439,DRG21011,0QH944Z,"Insertion of Internal Fixation Device into Left Femoral Shaft, Percutaneous Endoscopic Approach"
440,DRG21011,0QH945Z,"Insertion of External Fixation Device into Left Femoral Shaft, Percutaneous Endoscopic Approach"
441,DRG21011,0QH946Z,"Insertion of Intramedullary Internal Fixation Device into Left Femoral Shaft, Percutaneous Endoscopic Approach"
442,DRG21011,0QH94BZ,"Insertion of Monoplanar External Fixation Device into Left Femoral Shaft, Percutaneous Endoscopic Approach"
443,DRG21011,0QH94CZ,"Insertion of Ring External Fixation Device into Left Femoral Shaft, Percutaneous Endoscopic Approach"
444,DRG21011,0QH94DZ,"Insertion of Hybrid External Fixation Device into Left Femoral Shaft, Percutaneous Endoscopic Approach"
445,DRG21011,0QHB04Z,"Insertion of Internal Fixation Device into Right Lower Femur, Open Approach"
446,DRG21011,0QHB05Z,"Insertion of External Fixation Device into Right Lower Femur, Open Approach"
447,DRG21011,0QHB06Z,"Insertion of Intramedullary Internal Fixation Device into Right Lower Femur, Open Approach"
448,DRG21011,0QHB0BZ,"Insertion of Monoplanar External Fixation Device into Right Lower Femur, Open Approach"
449,DRG21011,0QHB0CZ,"Insertion of Ring External Fixation Device into Right Lower Femur, Open Approach"
450,DRG21011,0QHB0DZ,"Insertion of Hybrid External Fixation Device into Right Lower Femur, Open Approach"
451,DRG21011,0QHB34Z,"Insertion of Internal Fixation Device into Right Lower Femur, Percutaneous Approach"
452,DRG21011,0QHB35Z,"Insertion of External Fixation Device into Right Lower Femur, Percutaneous Approach"
453,DRG21011,0QHB36Z,"Insertion of Intramedullary Internal Fixation Device into Right Lower Femur, Percutaneous Approach"
454,DRG21011,0QHB3BZ,"Insertion of Monoplanar External Fixation Device into Right Lower Femur, Percutaneous Approach"
455,DRG21011,0QHB3CZ,"Insertion of Ring External Fixation Device into Right Lower Femur, Percutaneous Approach"
456,DRG21011,0QHB3DZ,"Insertion of Hybrid External Fixation Device into Right Lower Femur, Percutaneous Approach"
457,DRG21011,0QHB44Z,"Insertion of Internal Fixation Device into Right Lower Femur, Percutaneous Endoscopic Approach"
458,DRG21011,0QHB45Z,"Insertion of External Fixation Device into Right Lower Femur, Percutaneous Endoscopic Approach"
459,DRG21011,0QHB46Z,"Insertion of Intramedullary Internal Fixation Device into Right Lower Femur, Percutaneous Endoscopic Approach"
460,DRG21011,0QHB4BZ,"Insertion of Monoplanar External Fixation Device into Right Lower Femur, Percutaneous Endoscopic Approach"
461,DRG21011,0QHB4CZ,"Insertion of Ring External Fixation Device into Right Lower Femur, Percutaneous Endoscopic Approach"
462,DRG21011,0QHB4DZ,"Insertion of Hybrid External Fixation Device into Right Lower Femur, Percutaneous Endoscopic Approach"
463,DRG21011,0QHC04Z,"Insertion of Internal Fixation Device into Left Lower Femur, Open Approach"
464,DRG21011,0QHC05Z,"Insertion of External Fixation Device into Left Lower Femur, Open Approach"
465,DRG21011,0QHC06Z,"Insertion of Intramedullary Internal Fixation Device into Left Lower Femur, Open Approach"
466,DRG21011,0QHC0BZ,"Insertion of Monoplanar External Fixation Device into Left Lower Femur, Open Approach"
467,DRG21011,0QHC0CZ,"Insertion of Ring External Fixation Device into Left Lower Femur, Open Approach"
468,DRG21011,0QHC0DZ,"Insertion of Hybrid External Fixation Device into Left Lower Femur, Open Approach"
469,DRG21011,0QHC34Z,"Insertion of Internal Fixation Device into Left Lower Femur, Percutaneous Approach"
470,DRG21011,0QHC35Z,"Insertion of External Fixation Device into Left Lower Femur, Percutaneous Approach"
471,DRG21011,0QHC36Z,"Insertion of Intramedullary Internal Fixation Device into Left Lower Femur, Percutaneous Approach"
472,DRG21011,0QHC3BZ,"Insertion of Monoplanar External Fixation Device into Left Lower Femur, Percutaneous Approach"
473,DRG21011,0QHC3CZ,"Insertion of Ring External Fixation Device into Left Lower Femur, Percutaneous Approach"
474,DRG21011,0QHC3DZ,"Insertion of Hybrid External Fixation Device into Left Lower Femur, Percutaneous Approach"
475,DRG21011,0QHC44Z,"Insertion of Internal Fixation Device into Left Lower Femur, Percutaneous Endoscopic Approach"
476,DRG21011,0QHC45Z,"Insertion of External Fixation Device into Left Lower Femur, Percutaneous Endoscopic Approach"
477,DRG21011,0QHC46Z,"Insertion of Intramedullary Internal Fixation Device into Left Lower Femur, Percutaneous Endoscopic Approach"
478,DRG21011,0QHC4BZ,"Insertion of Monoplanar External Fixation Device into Left Lower Femur, Percutaneous Endoscopic Approach"
479,DRG21011,0QHC4CZ,"Insertion of Ring External Fixation Device into Left Lower Femur, Percutaneous Endoscopic Approach"
480,DRG21011,0QHC4DZ,"Insertion of Hybrid External Fixation Device into Left Lower Femur, Percutaneous Endoscopic Approach"
481,DRG21011,0QHY0MZ,"Insertion of Bone Growth Stimulator into Lower Bone, Open Approach"
482,DRG21011,0QHY3MZ,"Insertion of Bone Growth Stimulator into Lower Bone, Percutaneous Approach"
483,DRG21011,0QHY4MZ,"Insertion of Bone Growth Stimulator into Lower Bone, Percutaneous Endoscopic Approach"
484,DRG21011,0QN60ZZ,"Release Right Upper Femur, Open Approach"
485,DRG21011,0QN63ZZ,"Release Right Upper Femur, Percutaneous Approach"
486,DRG21011,0QN64ZZ,"Release Right Upper Femur, Percutaneous Endoscopic Approach"
487,DRG21011,0QN70ZZ,"Release Left Upper Femur, Open Approach"
488,DRG21011,0QN73ZZ,"Release Left Upper Femur, Percutaneous Approach"
489,DRG21011,0QN74ZZ,"Release Left Upper Femur, Percutaneous Endoscopic Approach"
490,DRG21011,0QN80ZZ,"Release Right Femoral Shaft, Open Approach"
491,DRG21011,0QN83ZZ,"Release Right Femoral Shaft, Percutaneous Approach"
492,DRG21011,0QN84ZZ,"Release Right Femoral Shaft, Percutaneous Endoscopic Approach"
493,DRG21011,0QN90ZZ,"Release Left Femoral Shaft, Open Approach"
494,DRG21011,0QN93ZZ,"Release Left Femoral Shaft, Percutaneous Approach"
495,DRG21011,0QN94ZZ,"Release Left Femoral Shaft, Percutaneous Endoscopic Approach"
496,DRG21011,0QNB0ZZ,"Release Right Lower Femur, Open Approach"
497,DRG21011,0QNB3ZZ,"Release Right Lower Femur, Percutaneous Approach"
498,DRG21011,0QNB4ZZ,"Release Right Lower Femur, Percutaneous Endoscopic Approach"
499,DRG21011,0QNC0ZZ,"Release Left Lower Femur, Open Approach"
500,DRG21011,0QNC3ZZ,"Release Left Lower Femur, Percutaneous Approach"
501,DRG21011,0QNC4ZZ,"Release Left Lower Femur, Percutaneous Endoscopic Approach"
502,DRG21011,0QQ60ZZ,"Repair Right Upper Femur, Open Approach"
503,DRG21011,0QQ63ZZ,"Repair Right Upper Femur, Percutaneous Approach"
504,DRG21011,0QQ64ZZ,"Repair Right Upper Femur, Percutaneous Endoscopic Approach"
505,DRG21011,0QQ6XZZ,"Repair Right Upper Femur, External Approach"
506,DRG21011,0QQ70ZZ,"Repair Left Upper Femur, Open Approach"
507,DRG21011,0QQ73ZZ,"Repair Left Upper Femur, Percutaneous Approach"
508,DRG21011,0QQ74ZZ,"Repair Left Upper Femur, Percutaneous Endoscopic Approach"
509,DRG21011,0QQ7XZZ,"Repair Left Upper Femur, External Approach"
510,DRG21011,0QQ80ZZ,"Repair Right Femoral Shaft, Open Approach"
511,DRG21011,0QQ83ZZ,"Repair Right Femoral Shaft, Percutaneous Approach"
512,DRG21011,0QQ84ZZ,"Repair Right Femoral Shaft, Percutaneous Endoscopic Approach"
513,DRG21011,0QQ8XZZ,"Repair Right Femoral Shaft, External Approach"
514,DRG21011,0QQ90ZZ,"Repair Left Femoral Shaft, Open Approach"
515,DRG21011,0QQ93ZZ,"Repair Left Femoral Shaft, Percutaneous Approach"
516,DRG21011,0QQ94ZZ,"Repair Left Femoral Shaft, Percutaneous Endoscopic Approach"
517,DRG21011,0QQ9XZZ,"Repair Left Femoral Shaft, External Approach"
518,DRG21011,0QQB0ZZ,"Repair Right Lower Femur, Open Approach"
519,DRG21011,0QQB3ZZ,"Repair Right Lower Femur, Percutaneous Approach"
520,DRG21011,0QQB4ZZ,"Repair Right Lower Femur, Percutaneous Endoscopic Approach"
521,DRG21011,0QQBXZZ,"Repair Right Lower Femur, External Approach"
522,DRG21011,0QQC0ZZ,"Repair Left Lower Femur, Open Approach"
523,DRG21011,0QQC3ZZ,"Repair Left Lower Femur, Percutaneous Approach"
524,DRG21011,0QQC4ZZ,"Repair Left Lower Femur, Percutaneous Endoscopic Approach"
525,DRG21011,0QQCXZZ,"Repair Left Lower Femur, External Approach"
526,DRG21011,0QR607Z,"Replacement of Right Upper Femur with Autologous Tissue Substitute, Open Approach"
527,DRG21011,0QR60JZ,"Replacement of Right Upper Femur with Synthetic Substitute, Open Approach"
528,DRG21011,0QR60KZ,"Replacement of Right Upper Femur with Nonautologous Tissue Substitute, Open Approach"
529,DRG21011,0QR637Z,"Replacement of Right Upper Femur with Autologous Tissue Substitute, Percutaneous Approach"
530,DRG21011,0QR63JZ,"Replacement of Right Upper Femur with Synthetic Substitute, Percutaneous Approach"
531,DRG21011,0QR63KZ,"Replacement of Right Upper Femur with Nonautologous Tissue Substitute, Percutaneous Approach"
532,DRG21011,0QR647Z,"Replacement of Right Upper Femur with Autologous Tissue Substitute, Percutaneous Endoscopic Approach"
533,DRG21011,0QR64JZ,"Replacement of Right Upper Femur with Synthetic Substitute, Percutaneous Endoscopic Approach"
534,DRG21011,0QR64KZ,"Replacement of Right Upper Femur with Nonautologous Tissue Substitute, Percutaneous Endoscopic Approach"
535,DRG21011,0QR707Z,"Replacement of Left Upper Femur with Autologous Tissue Substitute, Open Approach"
536,DRG21011,0QR70JZ,"Replacement of Left Upper Femur with Synthetic Substitute, Open Approach"
537,DRG21011,0QR70KZ,"Replacement of Left Upper Femur with Nonautologous Tissue Substitute, Open Approach"
538,DRG21011,0QR737Z,"Replacement of Left Upper Femur with Autologous Tissue Substitute, Percutaneous Approach"
539,DRG21011,0QR73JZ,"Replacement of Left Upper Femur with Synthetic Substitute, Percutaneous Approach"
540,DRG21011,0QR73KZ,"Replacement of Left Upper Femur with Nonautologous Tissue Substitute, Percutaneous Approach"
541,DRG21011,0QR747Z,"Replacement of Left Upper Femur with Autologous Tissue Substitute, Percutaneous Endoscopic Approach"
542,DRG21011,0QR74JZ,"Replacement of Left Upper Femur with Synthetic Substitute, Percutaneous Endoscopic Approach"
543,DRG21011,0QR74KZ,"Replacement of Left Upper Femur with Nonautologous Tissue Substitute, Percutaneous Endoscopic Approach"
544,DRG21011,0QR807Z,"Replacement of Right Femoral Shaft with Autologous Tissue Substitute, Open Approach"
545,DRG21011,0QR80JZ,"Replacement of Right Femoral Shaft with Synthetic Substitute, Open Approach"
546,DRG21011,0QR80KZ,"Replacement of Right Femoral Shaft with Nonautologous Tissue Substitute, Open Approach"
547,DRG21011,0QR837Z,"Replacement of Right Femoral Shaft with Autologous Tissue Substitute, Percutaneous Approach"
548,DRG21011,0QR83JZ,"Replacement of Right Femoral Shaft with Synthetic Substitute, Percutaneous Approach"
549,DRG21011,0QR83KZ,"Replacement of Right Femoral Shaft with Nonautologous Tissue Substitute, Percutaneous Approach"
550,DRG21011,0QR847Z,"Replacement of Right Femoral Shaft with Autologous Tissue Substitute, Percutaneous Endoscopic Approach"
551,DRG21011,0QR84JZ,"Replacement of Right Femoral Shaft with Synthetic Substitute, Percutaneous Endoscopic Approach"
552,DRG21011,0QR84KZ,"Replacement of Right Femoral Shaft with Nonautologous Tissue Substitute, Percutaneous Endoscopic Approach"
553,DRG21011,0QR907Z,"Replacement of Left Femoral Shaft with Autologous Tissue Substitute, Open Approach"
554,DRG21011,0QR90JZ,"Replacement of Left Femoral Shaft with Synthetic Substitute, Open Approach"
555,DRG21011,0QR90KZ,"Replacement of Left Femoral Shaft with Nonautologous Tissue Substitute, Open Approach"
556,DRG21011,0QR937Z,"Replacement of Left Femoral Shaft with Autologous Tissue Substitute, Percutaneous Approach"
557,DRG21011,0QR93JZ,"Replacement of Left Femoral Shaft with Synthetic Substitute, Percutaneous Approach"
558,DRG21011,0QR93KZ,"Replacement of Left Femoral Shaft with Nonautologous Tissue Substitute, Percutaneous Approach"
559,DRG21011,0QR947Z,"Replacement of Left Femoral Shaft with Autologous Tissue Substitute, Percutaneous Endoscopic Approach"
560,DRG21011,0QR94JZ,"Replacement of Left Femoral Shaft with Synthetic Substitute, Percutaneous Endoscopic Approach"
561,DRG21011,0QR94KZ,"Replacement of Left Femoral Shaft with Nonautologous Tissue Substitute, Percutaneous Endoscopic Approach"
562,DRG21011,0QRB07Z,"Replacement of Right Lower Femur with Autologous Tissue Substitute, Open Approach"
563,DRG21011,0QRB0JZ,"Replacement of Right Lower Femur with Synthetic Substitute, Open Approach"
564,DRG21011,0QRB0KZ,"Replacement of Right Lower Femur with Nonautologous Tissue Substitute, Open Approach"
565,DRG21011,0QRB37Z,"Replacement of Right Lower Femur with Autologous Tissue Substitute, Percutaneous Approach"
566,DRG21011,0QRB3JZ,"Replacement of Right Lower Femur with Synthetic Substitute, Percutaneous Approach"
567,DRG21011,0QRB3KZ,"Replacement of Right Lower Femur with Nonautologous Tissue Substitute, Percutaneous Approach"
568,DRG21011,0QRB47Z,"Replacement of Right Lower Femur with Autologous Tissue Substitute, Percutaneous Endoscopic Approach"
569,DRG21011,0QRB4JZ,"Replacement of Right Lower Femur with Synthetic Substitute, Percutaneous Endoscopic Approach"
570,DRG21011,0QRB4KZ,"Replacement of Right Lower Femur with Nonautologous Tissue Substitute, Percutaneous Endoscopic Approach"
571,DRG21011,0QRC07Z,"Replacement of Left Lower Femur with Autologous Tissue Substitute, Open Approach"
572,DRG21011,0QRC0JZ,"Replacement of Left Lower Femur with Synthetic Substitute, Open Approach"
573,DRG21011,0QRC0KZ,"Replacement of Left Lower Femur with Nonautologous Tissue Substitute, Open Approach"
574,DRG21011,0QRC37Z,"Replacement of Left Lower Femur with Autologous Tissue Substitute, Percutaneous Approach"
575,DRG21011,0QRC3JZ,"Replacement of Left Lower Femur with Synthetic Substitute, Percutaneous Approach"
576,DRG21011,0QRC3KZ,"Replacement of Left Lower Femur with Nonautologous Tissue Substitute, Percutaneous Approach"
577,DRG21011,0QRC47Z,"Replacement of Left Lower Femur with Autologous Tissue Substitute, Percutaneous Endoscopic Approach"
578,DRG21011,0QRC4JZ,"Replacement of Left Lower Femur with Synthetic Substitute, Percutaneous Endoscopic Approach"
579,DRG21011,0QRC4KZ,"Replacement of Left Lower Femur with Nonautologous Tissue Substitute, Percutaneous Endoscopic Approach"
580,DRG21011,0QS604Z,"Reposition Right Upper Femur with Internal Fixation Device, Open Approach"
581,DRG21011,0QS605Z,"Reposition Right Upper Femur with External Fixation Device, Open Approach"
582,DRG21011,0QS606Z,"Reposition Right Upper Femur with Intramedullary Internal Fixation Device, Open Approach"
583,DRG21011,0QS60BZ,"Reposition Right Upper Femur with Monoplanar External Fixation Device, Open Approach"
584,DRG21011,0QS60CZ,"Reposition Right Upper Femur with Ring External Fixation Device, Open Approach"
585,DRG21011,0QS60DZ,"Reposition Right Upper Femur with Hybrid External Fixation Device, Open Approach"
586,DRG21011,0QS60ZZ,"Reposition Right Upper Femur, Open Approach"
587,DRG21011,0QS634Z,"Reposition Right Upper Femur with Internal Fixation Device, Percutaneous Approach"
588,DRG21011,0QS635Z,"Reposition Right Upper Femur with External Fixation Device, Percutaneous Approach"
589,DRG21011,0QS636Z,"Reposition Right Upper Femur with Intramedullary Internal Fixation Device, Percutaneous Approach"
590,DRG21011,0QS63BZ,"Reposition Right Upper Femur with Monoplanar External Fixation Device, Percutaneous Approach"
591,DRG21011,0QS63CZ,"Reposition Right Upper Femur with Ring External Fixation Device, Percutaneous Approach"
592,DRG21011,0QS63DZ,"Reposition Right Upper Femur with Hybrid External Fixation Device, Percutaneous Approach"
593,DRG21011,0QS644Z,"Reposition Right Upper Femur with Internal Fixation Device, Percutaneous Endoscopic Approach"
594,DRG21011,0QS645Z,"Reposition Right Upper Femur with External Fixation Device, Percutaneous Endoscopic Approach"
595,DRG21011,0QS646Z,"Reposition Right Upper Femur with Intramedullary Internal Fixation Device, Percutaneous Endoscopic Approach"
596,DRG21011,0QS64BZ,"Reposition Right Upper Femur with Monoplanar External Fixation Device, Percutaneous Endoscopic Approach"
597,DRG21011,0QS64CZ,"Reposition Right Upper Femur with Ring External Fixation Device, Percutaneous Endoscopic Approach"
598,DRG21011,0QS64DZ,"Reposition Right Upper Femur with Hybrid External Fixation Device, Percutaneous Endoscopic Approach"
599,DRG21011,0QS6XZZ,"Reposition Right Upper Femur, External Approach"
600,DRG21011,0QS704Z,"Reposition Left Upper Femur with Internal Fixation Device, Open Approach"
601,DRG21011,0QS705Z,"Reposition Left Upper Femur with External Fixation Device, Open Approach"
602,DRG21011,0QS706Z,"Reposition Left Upper Femur with Intramedullary Internal Fixation Device, Open Approach"
603,DRG21011,0QS70BZ,"Reposition Left Upper Femur with Monoplanar External Fixation Device, Open Approach"
604,DRG21011,0QS70CZ,"Reposition Left Upper Femur with Ring External Fixation Device, Open Approach"
605,DRG21011,0QS70DZ,"Reposition Left Upper Femur with Hybrid External Fixation Device, Open Approach"
606,DRG21011,0QS70ZZ,"Reposition Left Upper Femur, Open Approach"
607,DRG21011,0QS734Z,"Reposition Left Upper Femur with Internal Fixation Device, Percutaneous Approach"
608,DRG21011,0QS735Z,"Reposition Left Upper Femur with External Fixation Device, Percutaneous Approach"
609,DRG21011,0QS736Z,"Reposition Left Upper Femur with Intramedullary Internal Fixation Device, Percutaneous Approach"
610,DRG21011,0QS73BZ,"Reposition Left Upper Femur with Monoplanar External Fixation Device, Percutaneous Approach"
611,DRG21011,0QS73CZ,"Reposition Left Upper Femur with Ring External Fixation Device, Percutaneous Approach"
612,DRG21011,0QS73DZ,"Reposition Left Upper Femur with Hybrid External Fixation Device, Percutaneous Approach"
613,DRG21011,0QS744Z,"Reposition Left Upper Femur with Internal Fixation Device, Percutaneous Endoscopic Approach"
614,DRG21011,0QS745Z,"Reposition Left Upper Femur with External Fixation Device, Percutaneous Endoscopic Approach"
615,DRG21011,0QS746Z,"Reposition Left Upper Femur with Intramedullary Internal Fixation Device, Percutaneous Endoscopic Approach"
616,DRG21011,0QS74BZ,"Reposition Left Upper Femur with Monoplanar External Fixation Device, Percutaneous Endoscopic Approach"
617,DRG21011,0QS74CZ,"Reposition Left Upper Femur with Ring External Fixation Device, Percutaneous Endoscopic Approach"
618,DRG21011,0QS74DZ,"Reposition Left Upper Femur with Hybrid External Fixation Device, Percutaneous Endoscopic Approach"
619,DRG21011,0QS7XZZ,"Reposition Left Upper Femur, External Approach"
620,DRG21011,0QS804Z,"Reposition Right Femoral Shaft with Internal Fixation Device, Open Approach"
621,DRG21011,0QS805Z,"Reposition Right Femoral Shaft with External Fixation Device, Open Approach"
622,DRG21011,0QS806Z,"Reposition Right Femoral Shaft with Intramedullary Internal Fixation Device, Open Approach"
623,DRG21011,0QS80BZ,"Reposition Right Femoral Shaft with Monoplanar External Fixation Device, Open Approach"
624,DRG21011,0QS80CZ,"Reposition Right Femoral Shaft with Ring External Fixation Device, Open Approach"
625,DRG21011,0QS80DZ,"Reposition Right Femoral Shaft with Hybrid External Fixation Device, Open Approach"
626,DRG21011,0QS80ZZ,"Reposition Right Femoral Shaft, Open Approach"
627,DRG21011,0QS834Z,"Reposition Right Femoral Shaft with Internal Fixation Device, Percutaneous Approach"
628,DRG21011,0QS835Z,"Reposition Right Femoral Shaft with External Fixation Device, Percutaneous Approach"
629,DRG21011,0QS836Z,"Reposition Right Femoral Shaft with Intramedullary Internal Fixation Device, Percutaneous Approach"
630,DRG21011,0QS83BZ,"Reposition Right Femoral Shaft with Monoplanar External Fixation Device, Percutaneous Approach"
631,DRG21011,0QS83CZ,"Reposition Right Femoral Shaft with Ring External Fixation Device, Percutaneous Approach"
632,DRG21011,0QS83DZ,"Reposition Right Femoral Shaft with Hybrid External Fixation Device, Percutaneous Approach"
633,DRG21011,0QS844Z,"Reposition Right Femoral Shaft with Internal Fixation Device, Percutaneous Endoscopic Approach"
634,DRG21011,0QS845Z,"Reposition Right Femoral Shaft with External Fixation Device, Percutaneous Endoscopic Approach"
635,DRG21011,0QS846Z,"Reposition Right Femoral Shaft with Intramedullary Internal Fixation Device, Percutaneous Endoscopic Approach"
636,DRG21011,0QS84BZ,"Reposition Right Femoral Shaft with Monoplanar External Fixation Device, Percutaneous Endoscopic Approach"
637,DRG21011,0QS84CZ,"Reposition Right Femoral Shaft with Ring External Fixation Device, Percutaneous Endoscopic Approach"
638,DRG21011,0QS84DZ,"Reposition Right Femoral Shaft with Hybrid External Fixation Device, Percutaneous Endoscopic Approach"
639,DRG21011,0QS8XZZ,"Reposition Right Femoral Shaft, External Approach"
640,DRG21011,0QS904Z,"Reposition Left Femoral Shaft with Internal Fixation Device, Open Approach"
641,DRG21011,0QS905Z,"Reposition Left Femoral Shaft with External Fixation Device, Open Approach"
642,DRG21011,0QS906Z,"Reposition Left Femoral Shaft with Intramedullary Internal Fixation Device, Open Approach"
643,DRG21011,0QS90BZ,"Reposition Left Femoral Shaft with Monoplanar External Fixation Device, Open Approach"
644,DRG21011,0QS90CZ,"Reposition Left Femoral Shaft with Ring External Fixation Device, Open Approach"
645,DRG21011,0QS90DZ,"Reposition Left Femoral Shaft with Hybrid External Fixation Device, Open Approach"
646,DRG21011,0QS90ZZ,"Reposition Left Femoral Shaft, Open Approach"
647,DRG21011,0QS934Z,"Reposition Left Femoral Shaft with Internal Fixation Device, Percutaneous Approach"
648,DRG21011,0QS935Z,"Reposition Left Femoral Shaft with External Fixation Device, Percutaneous Approach"
649,DRG21011,0QS936Z,"Reposition Left Femoral Shaft with Intramedullary Internal Fixation Device, Percutaneous Approach"
650,DRG21011,0QS93BZ,"Reposition Left Femoral Shaft with Monoplanar External Fixation Device, Percutaneous Approach"
651,DRG21011,0QS93CZ,"Reposition Left Femoral Shaft with Ring External Fixation Device, Percutaneous Approach"
652,DRG21011,0QS93DZ,"Reposition Left Femoral Shaft with Hybrid External Fixation Device, Percutaneous Approach"
653,DRG21011,0QS944Z,"Reposition Left Femoral Shaft with Internal Fixation Device, Percutaneous Endoscopic Approach"
654,DRG21011,0QS945Z,"Reposition Left Femoral Shaft with External Fixation Device, Percutaneous Endoscopic Approach"
655,DRG21011,0QS946Z,"Reposition Left Femoral Shaft with Intramedullary Internal Fixation Device, Percutaneous Endoscopic Approach"
656,DRG21011,0QS94BZ,"Reposition Left Femoral Shaft with Monoplanar External Fixation Device, Percutaneous Endoscopic Approach"
657,DRG21011,0QS94CZ,"Reposition Left Femoral Shaft with Ring External Fixation Device, Percutaneous Endoscopic Approach"
658,DRG21011,0QS94DZ,"Reposition Left Femoral Shaft with Hybrid External Fixation Device, Percutaneous Endoscopic Approach"
659,DRG21011,0QS9XZZ,"Reposition Left Femoral Shaft, External Approach"
660,DRG21011,0QSB04Z,"Reposition Right Lower Femur with Internal Fixation Device, Open Approach"
661,DRG21011,0QSB05Z,"Reposition Right Lower Femur with External Fixation Device, Open Approach"
662,DRG21011,0QSB06Z,"Reposition Right Lower Femur with Intramedullary Internal Fixation Device, Open Approach"
663,DRG21011,0QSB0BZ,"Reposition Right Lower Femur with Monoplanar External Fixation Device, Open Approach"
664,DRG21011,0QSB0CZ,"Reposition Right Lower Femur with Ring External Fixation Device, Open Approach"
665,DRG21011,0QSB0DZ,"Reposition Right Lower Femur with Hybrid External Fixation Device, Open Approach"
666,DRG21011,0QSB0ZZ,"Reposition Right Lower Femur, Open Approach"
667,DRG21011,0QSB34Z,"Reposition Right Lower Femur with Internal Fixation Device, Percutaneous Approach"
668,DRG21011,0QSB35Z,"Reposition Right Lower Femur with External Fixation Device, Percutaneous Approach"
669,DRG21011,0QSB36Z,"Reposition Right Lower Femur with Intramedullary Internal Fixation Device, Percutaneous Approach"
670,DRG21011,0QSB3BZ,"Reposition Right Lower Femur with Monoplanar External Fixation Device, Percutaneous Approach"
671,DRG21011,0QSB3CZ,"Reposition Right Lower Femur with Ring External Fixation Device, Percutaneous Approach"
672,DRG21011,0QSB3DZ,"Reposition Right Lower Femur with Hybrid External Fixation Device, Percutaneous Approach"
673,DRG21011,0QSB44Z,"Reposition Right Lower Femur with Internal Fixation Device, Percutaneous Endoscopic Approach"
674,DRG21011,0QSB45Z,"Reposition Right Lower Femur with External Fixation Device, Percutaneous Endoscopic Approach"
675,DRG21011,0QSB46Z,"Reposition Right Lower Femur with Intramedullary Internal Fixation Device, Percutaneous Endoscopic Approach"
676,DRG21011,0QSB4BZ,"Reposition Right Lower Femur with Monoplanar External Fixation Device, Percutaneous Endoscopic Approach"
677,DRG21011,0QSB4CZ,"Reposition Right Lower Femur with Ring External Fixation Device, Percutaneous Endoscopic Approach"
678,DRG21011,0QSB4DZ,"Reposition Right Lower Femur with Hybrid External Fixation Device, Percutaneous Endoscopic Approach"
679,DRG21011,0QSBXZZ,"Reposition Right Lower Femur, External Approach"
680,DRG21011,0QSC04Z,"Reposition Left Lower Femur with Internal Fixation Device, Open Approach"
681,DRG21011,0QSC05Z,"Reposition Left Lower Femur with External Fixation Device, Open Approach"
682,DRG21011,0QSC06Z,"Reposition Left Lower Femur with Intramedullary Internal Fixation Device, Open Approach"
683,DRG21011,0QSC0BZ,"Reposition Left Lower Femur with Monoplanar External Fixation Device, Open Approach"
684,DRG21011,0QSC0CZ,"Reposition Left Lower Femur with Ring External Fixation Device, Open Approach"
685,DRG21011,0QSC0DZ,"Reposition Left Lower Femur with Hybrid External Fixation Device, Open Approach"
686,DRG21011,0QSC0ZZ,"Reposition Left Lower Femur, Open Approach"
687,DRG21011,0QSC34Z,"Reposition Left Lower Femur with Internal Fixation Device, Percutaneous Approach"
688,DRG21011,0QSC35Z,"Reposition Left Lower Femur with External Fixation Device, Percutaneous Approach"
689,DRG21011,0QSC36Z,"Reposition Left Lower Femur with Intramedullary Internal Fixation Device, Percutaneous Approach"
690,DRG21011,0QSC3BZ,"Reposition Left Lower Femur with Monoplanar External Fixation Device, Percutaneous Approach"
691,DRG21011,0QSC3CZ,"Reposition Left Lower Femur with Ring External Fixation Device, Percutaneous Approach"
692,DRG21011,0QSC3DZ,"Reposition Left Lower Femur with Hybrid External Fixation Device, Percutaneous Approach"
693,DRG21011,0QSC44Z,"Reposition Left Lower Femur with Internal Fixation Device, Percutaneous Endoscopic Approach"
694,DRG21011,0QSC45Z,"Reposition Left Lower Femur with External Fixation Device, Percutaneous Endoscopic Approach"
695,DRG21011,0QSC46Z,"Reposition Left Lower Femur with Intramedullary Internal Fixation Device, Percutaneous Endoscopic Approach"
696,DRG21011,0QSC4BZ,"Reposition Left Lower Femur with Monoplanar External Fixation Device, Percutaneous Endoscopic Approach"
697,DRG21011,0QSC4CZ,"Reposition Left Lower Femur with Ring External Fixation Device, Percutaneous Endoscopic Approach"
698,DRG21011,0QSC4DZ,"Reposition Left Lower Femur with Hybrid External Fixation Device, Percutaneous Endoscopic Approach"
699,DRG21011,0QSCXZZ,"Reposition Left Lower Femur, External Approach"
700,DRG21011,0QT60ZZ,"Resection of Right Upper Femur, Open Approach"
701,DRG21011,0QT70ZZ,"Resection of Left Upper Femur, Open Approach"
702,DRG21011,0QT80ZZ,"Resection of Right Femoral Shaft, Open Approach"
703,DRG21011,0QT90ZZ,"Resection of Left Femoral Shaft, Open Approach"
704,DRG21011,0QTB0ZZ,"Resection of Right Lower Femur, Open Approach"
705,DRG21011,0QTC0ZZ,"Resection of Left Lower Femur, Open Approach"
706,DRG21011,0QU607Z,"Supplement Right Upper Femur with Autologous Tissue Substitute, Open Approach"
707,DRG21011,0QU60JZ,"Supplement Right Upper Femur with Synthetic Substitute, Open Approach"
708,DRG21011,0QU60KZ,"Supplement Right Upper Femur with Nonautologous Tissue Substitute, Open Approach"
709,DRG21011,0QU637Z,"Supplement Right Upper Femur with Autologous Tissue Substitute, Percutaneous Approach"
710,DRG21011,0QU63JZ,"Supplement Right Upper Femur with Synthetic Substitute, Percutaneous Approach"
711,DRG21011,0QU63KZ,"Supplement Right Upper Femur with Nonautologous Tissue Substitute, Percutaneous Approach"
712,DRG21011,0QU647Z,"Supplement Right Upper Femur with Autologous Tissue Substitute, Percutaneous Endoscopic Approach"
713,DRG21011,0QU64JZ,"Supplement Right Upper Femur with Synthetic Substitute, Percutaneous Endoscopic Approach"
714,DRG21011,0QU64KZ,"Supplement Right Upper Femur with Nonautologous Tissue Substitute, Percutaneous Endoscopic Approach"
715,DRG21011,0QU707Z,"Supplement Left Upper Femur with Autologous Tissue Substitute, Open Approach"
716,DRG21011,0QU70JZ,"Supplement Left Upper Femur with Synthetic Substitute, Open Approach"
717,DRG21011,0QU70KZ,"Supplement Left Upper Femur with Nonautologous Tissue Substitute, Open Approach"
718,DRG21011,0QU737Z,"Supplement Left Upper Femur with Autologous Tissue Substitute, Percutaneous Approach"
719,DRG21011,0QU73JZ,"Supplement Left Upper Femur with Synthetic Substitute, Percutaneous Approach"
720,DRG21011,0QU73KZ,"Supplement Left Upper Femur with Nonautologous Tissue Substitute, Percutaneous Approach"
721,DRG21011,0QU747Z,"Supplement Left Upper Femur with Autologous Tissue Substitute, Percutaneous Endoscopic Approach"
722,DRG21011,0QU74JZ,"Supplement Left Upper Femur with Synthetic Substitute, Percutaneous Endoscopic Approach"
723,DRG21011,0QU74KZ,"Supplement Left Upper Femur with Nonautologous Tissue Substitute, Percutaneous Endoscopic Approach"
724,DRG21011,0QU807Z,"Supplement Right Femoral Shaft with Autologous Tissue Substitute, Open Approach"
725,DRG21011,0QU80JZ,"Supplement Right Femoral Shaft with Synthetic Substitute, Open Approach"
726,DRG21011,0QU80KZ,"Supplement Right Femoral Shaft with Nonautologous Tissue Substitute, Open Approach"
727,DRG21011,0QU837Z,"Supplement Right Femoral Shaft with Autologous Tissue Substitute, Percutaneous Approach"
728,DRG21011,0QU83JZ,"Supplement Right Femoral Shaft with Synthetic Substitute, Percutaneous Approach"
729,DRG21011,0QU83KZ,"Supplement Right Femoral Shaft with Nonautologous Tissue Substitute, Percutaneous Approach"
730,DRG21011,0QU847Z,"Supplement Right Femoral Shaft with Autologous Tissue Substitute, Percutaneous Endoscopic Approach"
731,DRG21011,0QU84JZ,"Supplement Right Femoral Shaft with Synthetic Substitute, Percutaneous Endoscopic Approach"
732,DRG21011,0QU84KZ,"Supplement Right Femoral Shaft with Nonautologous Tissue Substitute, Percutaneous Endoscopic Approach"
733,DRG21011,0QU907Z,"Supplement Left Femoral Shaft with Autologous Tissue Substitute, Open Approach"
734,DRG21011,0QU90JZ,"Supplement Left Femoral Shaft with Synthetic Substitute, Open Approach"
735,DRG21011,0QU90KZ,"Supplement Left Femoral Shaft with Nonautologous Tissue Substitute, Open Approach"
736,DRG21011,0QU937Z,"Supplement Left Femoral Shaft with Autologous Tissue Substitute, Percutaneous Approach"
737,DRG21011,0QU93JZ,"Supplement Left Femoral Shaft with Synthetic Substitute, Percutaneous Approach"
738,DRG21011,0QU93KZ,"Supplement Left Femoral Shaft with Nonautologous Tissue Substitute, Percutaneous Approach"
739,DRG21011,0QU947Z,"Supplement Left Femoral Shaft with Autologous Tissue Substitute, Percutaneous Endoscopic Approach"
740,DRG21011,0QU94JZ,"Supplement Left Femoral Shaft with Synthetic Substitute, Percutaneous Endoscopic Approach"
741,DRG21011,0QU94KZ,"Supplement Left Femoral Shaft with Nonautologous Tissue Substitute, Percutaneous Endoscopic Approach"
742,DRG21011,0QUB07Z,"Supplement Right Lower Femur with Autologous Tissue Substitute, Open Approach"
743,DRG21011,0QUB0JZ,"Supplement Right Lower Femur with Synthetic Substitute, Open Approach"
744,DRG21011,0QUB0KZ,"Supplement Right Lower Femur with Nonautologous Tissue Substitute, Open Approach"
745,DRG21011,0QUB37Z,"Supplement Right Lower Femur with Autologous Tissue Substitute, Percutaneous Approach"
746,DRG21011,0QUB3JZ,"Supplement Right Lower Femur with Synthetic Substitute, Percutaneous Approach"
747,DRG21011,0QUB3KZ,"Supplement Right Lower Femur with Nonautologous Tissue Substitute, Percutaneous Approach"
748,DRG21011,0QUB47Z,"Supplement Right Lower Femur with Autologous Tissue Substitute, Percutaneous Endoscopic Approach"
749,DRG21011,0QUB4JZ,"Supplement Right Lower Femur with Synthetic Substitute, Percutaneous Endoscopic Approach"
750,DRG21011,0QUB4KZ,"Supplement Right Lower Femur with Nonautologous Tissue Substitute, Percutaneous Endoscopic Approach"
751,DRG21011,0QUC07Z,"Supplement Left Lower Femur with Autologous Tissue Substitute, Open Approach"
752,DRG21011,0QUC0JZ,"Supplement Left Lower Femur with Synthetic Substitute, Open Approach"
753,DRG21011,0QUC0KZ,"Supplement Left Lower Femur with Nonautologous Tissue Substitute, Open Approach"
754,DRG21011,0QUC37Z,"Supplement Left Lower Femur with Autologous Tissue Substitute, Percutaneous Approach"
755,DRG21011,0QUC3JZ,"Supplement Left Lower Femur with Synthetic Substitute, Percutaneous Approach"
756,DRG21011,0QUC3KZ,"Supplement Left Lower Femur with Nonautologous Tissue Substitute, Percutaneous Approach"
757,DRG21011,0QUC47Z,"Supplement Left Lower Femur with Autologous Tissue Substitute, Percutaneous Endoscopic Approach"
758,DRG21011,0QUC4JZ,"Supplement Left Lower Femur with Synthetic Substitute, Percutaneous Endoscopic Approach"
759,DRG21011,0QUC4KZ,"Supplement Left Lower Femur with Nonautologous Tissue Substitute, Percutaneous Endoscopic Approach"
760,DRG21011,0S9900Z,"Drainage of Right Hip Joint with Drainage Device, Open Approach"
761,DRG21011,0S990ZZ,"Drainage of Right Hip Joint, Open Approach"
762,DRG21011,0S9B00Z,"Drainage of Left Hip Joint with Drainage Device, Open Approach"
763,DRG21011,0S9B0ZZ,"Drainage of Left Hip Joint, Open Approach"
764,DRG21011,0SB90ZZ,"Excision of Right Hip Joint, Open Approach"
765,DRG21011,0SB93ZZ,"Excision of Right Hip Joint, Percutaneous Approach"
766,DRG21011,0SB94ZZ,"Excision of Right Hip Joint, Percutaneous Endoscopic Approach"
767,DRG21011,0SBB0ZZ,"Excision of Left Hip Joint, Open Approach"
768,DRG21011,0SBB3ZZ,"Excision of Left Hip Joint, Percutaneous Approach"
769,DRG21011,0SBB4ZZ,"Excision of Left Hip Joint, Percutaneous Endoscopic Approach"
770,DRG21011,0SC90ZZ,"Extirpation of Matter from Right Hip Joint, Open Approach"
771,DRG21011,0SC93ZZ,"Extirpation of Matter from Right Hip Joint, Percutaneous Approach"
772,DRG21011,0SC94ZZ,"Extirpation of Matter from Right Hip Joint, Percutaneous Endoscopic Approach"
773,DRG21011,0SCB0ZZ,"Extirpation of Matter from Left Hip Joint, Open Approach"
774,DRG21011,0SCB3ZZ,"Extirpation of Matter from Left Hip Joint, Percutaneous Approach"
775,DRG21011,0SCB4ZZ,"Extirpation of Matter from Left Hip Joint, Percutaneous Endoscopic Approach"
776,DRG21011,0SG904Z,"Fusion of Right Hip Joint with Internal Fixation Device, Open Approach"
777,DRG21011,0SG905Z,"Fusion of Right Hip Joint with External Fixation Device, Open Approach"
778,DRG21011,0SG907Z,"Fusion of Right Hip Joint with Autologous Tissue Substitute, Open Approach"
779,DRG21011,0SG90JZ,"Fusion of Right Hip Joint with Synthetic Substitute, Open Approach"
780,DRG21011,0SG90KZ,"Fusion of Right Hip Joint with Nonautologous Tissue Substitute, Open Approach"
781,DRG21011,0SG90ZZ,"Fusion of Right Hip Joint, Open Approach"
782,DRG21011,0SG934Z,"Fusion of Right Hip Joint with Internal Fixation Device, Percutaneous Approach"
783,DRG21011,0SG935Z,"Fusion of Right Hip Joint with External Fixation Device, Percutaneous Approach"
784,DRG21011,0SG937Z,"Fusion of Right Hip Joint with Autologous Tissue Substitute, Percutaneous Approach"
785,DRG21011,0SG93JZ,"Fusion of Right Hip Joint with Synthetic Substitute, Percutaneous Approach"
786,DRG21011,0SG93KZ,"Fusion of Right Hip Joint with Nonautologous Tissue Substitute, Percutaneous Approach"
787,DRG21011,0SG93ZZ,"Fusion of Right Hip Joint, Percutaneous Approach"
788,DRG21011,0SG944Z,"Fusion of Right Hip Joint with Internal Fixation Device, Percutaneous Endoscopic Approach"
789,DRG21011,0SG945Z,"Fusion of Right Hip Joint with External Fixation Device, Percutaneous Endoscopic Approach"
790,DRG21011,0SG947Z,"Fusion of Right Hip Joint with Autologous Tissue Substitute, Percutaneous Endoscopic Approach"
791,DRG21011,0SG94JZ,"Fusion of Right Hip Joint with Synthetic Substitute, Percutaneous Endoscopic Approach"
792,DRG21011,0SG94KZ,"Fusion of Right Hip Joint with Nonautologous Tissue Substitute, Percutaneous Endoscopic Approach"
793,DRG21011,0SG94ZZ,"Fusion of Right Hip Joint, Percutaneous Endoscopic Approach"
794,DRG21011,0SGB04Z,"Fusion of Left Hip Joint with Internal Fixation Device, Open Approach"
795,DRG21011,0SGB05Z,"Fusion of Left Hip Joint with External Fixation Device, Open Approach"
796,DRG21011,0SGB07Z,"Fusion of Left Hip Joint with Autologous Tissue Substitute, Open Approach"
797,DRG21011,0SGB0JZ,"Fusion of Left Hip Joint with Synthetic Substitute, Open Approach"
798,DRG21011,0SGB0KZ,"Fusion of Left Hip Joint with Nonautologous Tissue Substitute, Open Approach"
799,DRG21011,0SGB0ZZ,"Fusion of Left Hip Joint, Open Approach"
800,DRG21011,0SGB34Z,"Fusion of Left Hip Joint with Internal Fixation Device, Percutaneous Approach"
801,DRG21011,0SGB35Z,"Fusion of Left Hip Joint with External Fixation Device, Percutaneous Approach"
802,DRG21011,0SGB37Z,"Fusion of Left Hip Joint with Autologous Tissue Substitute, Percutaneous Approach"
803,DRG21011,0SGB3JZ,"Fusion of Left Hip Joint with Synthetic Substitute, Percutaneous Approach"
804,DRG21011,0SGB3KZ,"Fusion of Left Hip Joint with Nonautologous Tissue Substitute, Percutaneous Approach"
805,DRG21011,0SGB3ZZ,"Fusion of Left Hip Joint, Percutaneous Approach"
806,DRG21011,0SGB44Z,"Fusion of Left Hip Joint with Internal Fixation Device, Percutaneous Endoscopic Approach"
807,DRG21011,0SGB45Z,"Fusion of Left Hip Joint with External Fixation Device, Percutaneous Endoscopic Approach"
808,DRG21011,0SGB47Z,"Fusion of Left Hip Joint with Autologous Tissue Substitute, Percutaneous Endoscopic Approach"
809,DRG21011,0SGB4JZ,"Fusion of Left Hip Joint with Synthetic Substitute, Percutaneous Endoscopic Approach"
810,DRG21011,0SGB4KZ,"Fusion of Left Hip Joint with Nonautologous Tissue Substitute, Percutaneous Endoscopic Approach"
811,DRG21011,0SGB4ZZ,"Fusion of Left Hip Joint, Percutaneous Endoscopic Approach"
812,DRG21011,0SH904Z,"Insertion of Internal Fixation Device into Right Hip Joint, Open Approach"
813,DRG21011,0SH905Z,"Insertion of External Fixation Device into Right Hip Joint, Open Approach"
814,DRG21011,0SH934Z,"Insertion of Internal Fixation Device into Right Hip Joint, Percutaneous Approach"
815,DRG21011,0SH935Z,"Insertion of External Fixation Device into Right Hip Joint, Percutaneous Approach"
816,DRG21011,0SH944Z,"Insertion of Internal Fixation Device into Right Hip Joint, Percutaneous Endoscopic Approach"
817,DRG21011,0SH945Z,"Insertion of External Fixation Device into Right Hip Joint, Percutaneous Endoscopic Approach"
818,DRG21011,0SHB04Z,"Insertion of Internal Fixation Device into Left Hip Joint, Open Approach"
819,DRG21011,0SHB05Z,"Insertion of External Fixation Device into Left Hip Joint, Open Approach"
820,DRG21011,0SHB34Z,"Insertion of Internal Fixation Device into Left Hip Joint, Percutaneous Approach"
821,DRG21011,0SHB35Z,"Insertion of External Fixation Device into Left Hip Joint, Percutaneous Approach"
822,DRG21011,0SHB44Z,"Insertion of Internal Fixation Device into Left Hip Joint, Percutaneous Endoscopic Approach"
823,DRG21011,0SHB45Z,"Insertion of External Fixation Device into Left Hip Joint, Percutaneous Endoscopic Approach"
824,DRG21011,0SJ90ZZ,"Inspection of Right Hip Joint, Open Approach"
825,DRG21011,0SJB0ZZ,"Inspection of Left Hip Joint, Open Approach"
826,DRG21011,0SN90ZZ,"Release Right Hip Joint, Open Approach"
827,DRG21011,0SN93ZZ,"Release Right Hip Joint, Percutaneous Approach"
828,DRG21011,0SN94ZZ,"Release Right Hip Joint, Percutaneous Endoscopic Approach"
829,DRG21011,0SNB0ZZ,"Release Left Hip Joint, Open Approach"
830,DRG21011,0SNB3ZZ,"Release Left Hip Joint, Percutaneous Approach"
831,DRG21011,0SNB4ZZ,"Release Left Hip Joint, Percutaneous Endoscopic Approach"
832,DRG21011,0SP900Z,"Removal of Drainage Device from Right Hip Joint, Open Approach"
833,DRG21011,0SP903Z,"Removal of Infusion Device from Right Hip Joint, Open Approach"
834,DRG21011,0SP904Z,"Removal of Internal Fixation Device from Right Hip Joint, Open Approach"
835,DRG21011,0SP905Z,"Removal of External Fixation Device from Right Hip Joint, Open Approach"
836,DRG21011,0SP907Z,"Removal of Autologous Tissue Substitute from Right Hip Joint, Open Approach"
837,DRG21011,0SP909Z,"Removal of Liner from Right Hip Joint, Open Approach"
838,DRG21011,0SP90BZ,"Removal of Resurfacing Device from Right Hip Joint, Open Approach"
839,DRG21011,0SP90JZ,"Removal of Synthetic Substitute from Right Hip Joint, Open Approach"
840,DRG21011,0SP90KZ,"Removal of Nonautologous Tissue Substitute from Right Hip Joint, Open Approach"
841,DRG21011,0SP930Z,"Removal of Drainage Device from Right Hip Joint, Percutaneous Approach"
842,DRG21011,0SP933Z,"Removal of Infusion Device from Right Hip Joint, Percutaneous Approach"
843,DRG21011,0SP934Z,"Removal of Internal Fixation Device from Right Hip Joint, Percutaneous Approach"
844,DRG21011,0SP935Z,"Removal of External Fixation Device from Right Hip Joint, Percutaneous Approach"
845,DRG21011,0SP937Z,"Removal of Autologous Tissue Substitute from Right Hip Joint, Percutaneous Approach"
846,DRG21011,0SP93JZ,"Removal of Synthetic Substitute from Right Hip Joint, Percutaneous Approach"
847,DRG21011,0SP93KZ,"Removal of Nonautologous Tissue Substitute from Right Hip Joint, Percutaneous Approach"
848,DRG21011,0SP940Z,"Removal of Drainage Device from Right Hip Joint, Percutaneous Endoscopic Approach"
849,DRG21011,0SP943Z,"Removal of Infusion Device from Right Hip Joint, Percutaneous Endoscopic Approach"
850,DRG21011,0SP944Z,"Removal of Internal Fixation Device from Right Hip Joint, Percutaneous Endoscopic Approach"
851,DRG21011,0SP945Z,"Removal of External Fixation Device from Right Hip Joint, Percutaneous Endoscopic Approach"
852,DRG21011,0SP947Z,"Removal of Autologous Tissue Substitute from Right Hip Joint, Percutaneous Endoscopic Approach"
853,DRG21011,0SP94JZ,"Removal of Synthetic Substitute from Right Hip Joint, Percutaneous Endoscopic Approach"
854,DRG21011,0SP94KZ,"Removal of Nonautologous Tissue Substitute from Right Hip Joint, Percutaneous Endoscopic Approach"
855,DRG21011,0SPB00Z,"Removal of Drainage Device from Left Hip Joint, Open Approach"
856,DRG21011,0SPB03Z,"Removal of Infusion Device from Left Hip Joint, Open Approach"
857,DRG21011,0SPB04Z,"Removal of Internal Fixation Device from Left Hip Joint, Open Approach"
858,DRG21011,0SPB05Z,"Removal of External Fixation Device from Left Hip Joint, Open Approach"
859,DRG21011,0SPB07Z,"Removal of Autologous Tissue Substitute from Left Hip Joint, Open Approach"
860,DRG21011,0SPB09Z,"Removal of Liner from Left Hip Joint, Open Approach"
861,DRG21011,0SPB0BZ,"Removal of Resurfacing Device from Left Hip Joint, Open Approach"
862,DRG21011,0SPB0JZ,"Removal of Synthetic Substitute from Left Hip Joint, Open Approach"
863,DRG21011,0SPB0KZ,"Removal of Nonautologous Tissue Substitute from Left Hip Joint, Open Approach"
864,DRG21011,0SPB30Z,"Removal of Drainage Device from Left Hip Joint, Percutaneous Approach"
865,DRG21011,0SPB33Z,"Removal of Infusion Device from Left Hip Joint, Percutaneous Approach"
866,DRG21011,0SPB34Z,"Removal of Internal Fixation Device from Left Hip Joint, Percutaneous Approach"
867,DRG21011,0SPB35Z,"Removal of External Fixation Device from Left Hip Joint, Percutaneous Approach"
868,DRG21011,0SPB37Z,"Removal of Autologous Tissue Substitute from Left Hip Joint, Percutaneous Approach"
869,DRG21011,0SPB3JZ,"Removal of Synthetic Substitute from Left Hip Joint, Percutaneous Approach"
870,DRG21011,0SPB3KZ,"Removal of Nonautologous Tissue Substitute from Left Hip Joint, Percutaneous Approach"
871,DRG21011,0SPB40Z,"Removal of Drainage Device from Left Hip Joint, Percutaneous Endoscopic Approach"
872,DRG21011,0SPB43Z,"Removal of Infusion Device from Left Hip Joint, Percutaneous Endoscopic Approach"
873,DRG21011,0SPB44Z,"Removal of Internal Fixation Device from Left Hip Joint, Percutaneous Endoscopic Approach"
874,DRG21011,0SPB45Z,"Removal of External Fixation Device from Left Hip Joint, Percutaneous Endoscopic Approach"
875,DRG21011,0SPB47Z,"Removal of Autologous Tissue Substitute from Left Hip Joint, Percutaneous Endoscopic Approach"
876,DRG21011,0SPB4JZ,"Removal of Synthetic Substitute from Left Hip Joint, Percutaneous Endoscopic Approach"
877,DRG21011,0SPB4KZ,"Removal of Nonautologous Tissue Substitute from Left Hip Joint, Percutaneous Endoscopic Approach"
878,DRG21011,0SQ90ZZ,"Repair Right Hip Joint, Open Approach"
879,DRG21011,0SQ93ZZ,"Repair Right Hip Joint, Percutaneous Approach"
880,DRG21011,0SQ94ZZ,"Repair Right Hip Joint, Percutaneous Endoscopic Approach"
881,DRG21011,0SQ9XZZ,"Repair Right Hip Joint, External Approach"
882,DRG21011,0SQB0ZZ,"Repair Left Hip Joint, Open Approach"
883,DRG21011,0SQB3ZZ,"Repair Left Hip Joint, Percutaneous Approach"
884,DRG21011,0SQB4ZZ,"Repair Left Hip Joint, Percutaneous Endoscopic Approach"
885,DRG21011,0SQBXZZ,"Repair Left Hip Joint, External Approach"
886,DRG21011,0SS904Z,"Reposition Right Hip Joint with Internal Fixation Device, Open Approach"
887,DRG21011,0SS905Z,"Reposition Right Hip Joint with External Fixation Device, Open Approach"
888,DRG21011,0SS90ZZ,"Reposition Right Hip Joint, Open Approach"
889,DRG21011,0SSB04Z,"Reposition Left Hip Joint with Internal Fixation Device, Open Approach"
890,DRG21011,0SSB05Z,"Reposition Left Hip Joint with External Fixation Device, Open Approach"
891,DRG21011,0SSB0ZZ,"Reposition Left Hip Joint, Open Approach"
892,DRG21011,0ST90ZZ,"Resection of Right Hip Joint, Open Approach"
893,DRG21011,0STB0ZZ,"Resection of Left Hip Joint, Open Approach"
894,DRG21011,0SW900Z,"Revision of Drainage Device in Right Hip Joint, Open Approach"
895,DRG21011,0SW903Z,"Revision of Infusion Device in Right Hip Joint, Open Approach"
896,DRG21011,0SW904Z,"Revision of Internal Fixation Device in Right Hip Joint, Open Approach"
897,DRG21011,0SW905Z,"Revision of External Fixation Device in Right Hip Joint, Open Approach"
898,DRG21011,0SW907Z,"Revision of Autologous Tissue Substitute in Right Hip Joint, Open Approach"
899,DRG21011,0SW908Z,"Revision of Spacer in Right Hip Joint, Open Approach"
900,DRG21011,0SW909Z,"Revision of Liner in Right Hip Joint, Open Approach"
901,DRG21011,0SW90BZ,"Revision of Resurfacing Device in Right Hip Joint, Open Approach"
902,DRG21011,0SW90KZ,"Revision of Nonautologous Tissue Substitute in Right Hip Joint, Open Approach"
903,DRG21011,0SW930Z,"Revision of Drainage Device in Right Hip Joint, Percutaneous Approach"
904,DRG21011,0SW933Z,"Revision of Infusion Device in Right Hip Joint, Percutaneous Approach"
905,DRG21011,0SW934Z,"Revision of Internal Fixation Device in Right Hip Joint, Percutaneous Approach"
906,DRG21011,0SW935Z,"Revision of External Fixation Device in Right Hip Joint, Percutaneous Approach"
907,DRG21011,0SW937Z,"Revision of Autologous Tissue Substitute in Right Hip Joint, Percutaneous Approach"
908,DRG21011,0SW938Z,"Revision of Spacer in Right Hip Joint, Percutaneous Approach"
909,DRG21011,0SW93KZ,"Revision of Nonautologous Tissue Substitute in Right Hip Joint, Percutaneous Approach"
910,DRG21011,0SW940Z,"Revision of Drainage Device in Right Hip Joint, Percutaneous Endoscopic Approach"
911,DRG21011,0SW943Z,"Revision of Infusion Device in Right Hip Joint, Percutaneous Endoscopic Approach"
912,DRG21011,0SW944Z,"Revision of Internal Fixation Device in Right Hip Joint, Percutaneous Endoscopic Approach"
913,DRG21011,0SW945Z,"Revision of External Fixation Device in Right Hip Joint, Percutaneous Endoscopic Approach"
914,DRG21011,0SW947Z,"Revision of Autologous Tissue Substitute in Right Hip Joint, Percutaneous Endoscopic Approach"
915,DRG21011,0SW948Z,"Revision of Spacer in Right Hip Joint, Percutaneous Endoscopic Approach"
916,DRG21011,0SW94KZ,"Revision of Nonautologous Tissue Substitute in Right Hip Joint, Percutaneous Endoscopic Approach"
917,DRG21011,0SWB00Z,"Revision of Drainage Device in Left Hip Joint, Open Approach"
918,DRG21011,0SWB03Z,"Revision of Infusion Device in Left Hip Joint, Open Approach"
919,DRG21011,0SWB04Z,"Revision of Internal Fixation Device in Left Hip Joint, Open Approach"
920,DRG21011,0SWB05Z,"Revision of External Fixation Device in Left Hip Joint, Open Approach"
921,DRG21011,0SWB07Z,"Revision of Autologous Tissue Substitute in Left Hip Joint, Open Approach"
922,DRG21011,0SWB08Z,"Revision of Spacer in Left Hip Joint, Open Approach"
923,DRG21011,0SWB09Z,"Revision of Liner in Left Hip Joint, Open Approach"
924,DRG21011,0SWB0BZ,"Revision of Resurfacing Device in Left Hip Joint, Open Approach"
925,DRG21011,0SWB0KZ,"Revision of Nonautologous Tissue Substitute in Left Hip Joint, Open Approach"
926,DRG21011,0SWB30Z,"Revision of Drainage Device in Left Hip Joint, Percutaneous Approach"
927,DRG21011,0SWB33Z,"Revision of Infusion Device in Left Hip Joint, Percutaneous Approach"
928,DRG21011,0SWB34Z,"Revision of Internal Fixation Device in Left Hip Joint, Percutaneous Approach"
929,DRG21011,0SWB35Z,"Revision of External Fixation Device in Left Hip Joint, Percutaneous Approach"
930,DRG21011,0SWB37Z,"Revision of Autologous Tissue Substitute in Left Hip Joint, Percutaneous Approach"
931,DRG21011,0SWB38Z,"Revision of Spacer in Left Hip Joint, Percutaneous Approach"
932,DRG21011,0SWB3KZ,"Revision of Nonautologous Tissue Substitute in Left Hip Joint, Percutaneous Approach"
933,DRG21011,0SWB40Z,"Revision of Drainage Device in Left Hip Joint, Percutaneous Endoscopic Approach"
934,DRG21011,0SWB43Z,"Revision of Infusion Device in Left Hip Joint, Percutaneous Endoscopic Approach"
935,DRG21011,0SWB44Z,"Revision of Internal Fixation Device in Left Hip Joint, Percutaneous Endoscopic Approach"
936,DRG21011,0SWB45Z,"Revision of External Fixation Device in Left Hip Joint, Percutaneous Endoscopic Approach"
937,DRG21011,0SWB47Z,"Revision of Autologous Tissue Substitute in Left Hip Joint, Percutaneous Endoscopic Approach"
938,DRG21011,0SWB48Z,"Revision of Spacer in Left Hip Joint, Percutaneous Endoscopic Approach"
939,DRG21011,0SWB4KZ,"Revision of Nonautologous Tissue Substitute in Left Hip Joint, Percutaneous Endoscopic Approach"
